2.12
0.5
521.02
14271.16
92.5
0.09
141.17
2428.29
27.04
29377.56
1296.31d
6271.67
0.46
9186.5
672.68
623.53
210.31
854.97
39.97
196.86
1.68
6098.37
33787.14
1552.89
1159.18
11311.7
1607.33
539.88
996.15
2322.56
7900.96
5659.9
203.82
117175.41
16571.12
11018.18
155.4
2342.38
501.63
10439.66
11135.71
4128.9
5423.12
938.3
1198.84
1843.33
1138.22
3206.01
143.99
53.86
2300.84
1674.57
46987.28
166371.44
64137.69
126.23
3170.84
33.83
885.47
1424.11
1220.32
1.63
54.19
25.04
40.33
35.73
1.44
0.91
0.99
1.38
16429.17
0.03
258.1
0.02
527.53
105.87
93.77
997.46
57516.01
71.92
4.01
5250.01
14040.54
1141.49
914.2
4.86
736.15
208.57
438.63
576.7
32.2
4185.15
0.02
4786.13
1785.4
369.14
83625.62
4561.14
1603.97
734.12
998.05
235.88
11363
1560.88
16.49
112.23
0.29
52.09
4763.78
6935.78
73.51
1925.13
1343.6
3625.27
3.92
334.07
1513.94
157.03
317500.04
949.37
16623.2
281.85
1785.12
17.18
809.63
697.04
1192.62
131.78
22.05
313.59
3.9
8667.35
2000.84
361.46
6.61
51.74
50313.14
370.38
4296.83
5119.29
5974.76
10435.47
65438.98
12588.03
281.78
45436.19
43502.31
133.34
1121.94
958.03
21081.85
2374.61
9797.09
3078.58
878.81
1167.83
1973.08
791818.75
27171.27
2135.13
3091.64
956.47
9306.47
17819.82
25132.38
898.19